src/ctapipe_io_zfits/resources/array_element_positions_ctao_n.ecsv
# %ECSV 1.0
# ---
# datatype:
# - {name: ae_id, datatype: int64}
# - {name: name, datatype: string}
# - {name: lon, unit: deg, datatype: float64, format: .6f}
# - {name: lat, unit: deg, datatype: float64, format: .6f}
# - {name: alt, unit: m, datatype: float64, description: telescope position upwards relative to NNN}
# - {name: x, unit: m, datatype: float64, format: .3f}
# - {name: y, unit: m, datatype: float64, format: .3f}
# - {name: z, unit: m, datatype: float64, format: .3f}
# - {name: utm_east, unit: m, datatype: float64}
# - {name: utm_north, unit: m, datatype: float64}
# meta: !!omap
# - {data_type: position_file}
# - {description: CTAO Northern Array Element Coordinates}
# - {center_northing: 3185066.3 m}
# - {center_easting: 217611.3 m}
# - {EPSG: 32628}
# - {UTM_zone: 28R}
# - {comments: '
#
#     Converted from https://gitlab.cta-observatory.org/cta-science/array-element-positions/-/blob/main/CTAN_ArrayElements_Positions.ecsv
#
#     using ctapipe_io_zfits/scripts/convert_positions.py
#
#     '}
# - {reference_lon: -17.892009 deg}
# - {reference_lat: 28.762158 deg}
# - {reference_height: 2147.000 m}
# - {reference_x: 5326744.350 m}
# - {reference_y: -1719671.137 m}
# - {reference_z: 3051852.005 m}
# schema: astropy-2.0
ae_id name lon lat alt x y z utm_east utm_north
1 LSTN-01 -17.891496913272913 28.761526467885083 2185.0 5326823.460312793 -1719644.1313897765 3051808.9360706857 217659.6 3184995.1
2 LSTN-02 -17.892707541577614 28.761847808998038 2170.9 5326759.04790553 -1719747.6194736836 3051833.3832931425 217542.2 3185033.6
3 LSTN-03 -17.892546711522133 28.762845266359122 2166.4 5326709.482496828 -1719715.1066157229 3051928.1618143446 217560.6 3185143.8
4 LSTN-04 -17.89137994602903 28.76244451041423 2172.6 5326770.019544736 -1719614.8715479425 3051892.1954007745 217673.5 3185096.6
5 MSTN-01 -17.892088374279254 28.760257303921474 2195.5 5326878.8978207875 -1719722.7482171191 3051690.6348493476 217598.4 3184855.8
6 MSTN-02 -17.893761183064754 28.760783413417712 2175.7 5326785.460903802 -1719864.314866664 3051732.242179303 217436.4 3184918.1
7 MSTN-03 -17.894167382973972 28.76240824076097 2158.4 5326676.349504447 -1719870.786362081 3051881.837582978 217401.1 3185099.2
8 MSTN-04 -17.892778468677292 28.763750425914342 2156.5 5326648.313337076 -1719719.149968906 3052011.370432163 217540.4 3185244.7
9 MSTN-05 -17.890094785844976 28.763429958545967 2178.0 5326763.063754355 -1719480.6944202874 3051990.5700081512 217801.7 3185202.8
10 MSTN-06 -17.890095376265922 28.761483412505516 2191.2 5326872.881794675 -1719516.2043283074 3051807.73465354 217796.4 3184987.0
11 MSTN-07 -17.890316442755925 28.760219477039175 2212.0 5326947.764938148 -1719563.0714645674 3051694.8972251415 217771.4 3184847.4
12 MSTN-08 -17.8954258249568 28.761272694149472 2158.7 5326696.470580969 -1720006.4761200612 3051771.6167375073 217275.1 3184976.3
13 MSTN-09 -17.88839221956695 28.764165449579334 2196.0 5326791.830637325 -1719315.200791428 3052070.7139006527 217970.0 3185280.3
14 MSTN-10 -17.88842097029393 28.762348188965483 2209.0 5326894.076643876 -1719351.1539571648 3051900.3486955203 217962.3 3185078.9
15 MSTN-11 -17.888599278840875 28.7603861131518 2226.2 5327002.685164302 -1719404.5144305972 3051717.925465804 217939.6 3184861.8
16 MSTN-12 -17.895508903679964 28.759425408373556 2171.3 5326798.262889097 -1720047.8743496065 3051598.1364667453 217262.0 3184771.7
17 MSTN-13 -17.893363116661938 28.75904475676128 2207.0 5326911.782225018 -1719864.2333182448 3051578.315716512 217470.6 3184724.4
18 MSTN-14 -17.891229606939685 28.758774754244318 2230.6 5327009.215359248 -1719676.6556708687 3051563.4274120117 217678.3 3184689.4
19 MSTN-15 -17.892003733277928 28.762161450381843 2176.5 5326768.921403554 -1719678.5543811363 3051866.56108302 217611.8 3185066.7
20 RLDN-01 -17.89438690413689 28.762906854455156 2158.5 5326644.529953474 -1719883.0484453924 3051930.3462160025 217381.0 3185155.0
21 STPN-01 -17.89103200589076 28.76077783473682 2194.7 5326883.511225217 -1719615.7897666998 3051740.841893368 217703.0 3184911.0
22 MSPN-01 -17.893584301503967 28.764277067584135 2143.4 5326586.460188947 -1719781.9050578543 3052056.2505149003 217463.1 3185305.0
23 ILLN-01 nan nan nan nan nan nan nan nan
24 ILLN-02 nan nan nan nan nan nan nan nan
25 CEIN-01 -17.893584301503967 28.764277067584135 2143.4 5326586.460188947 -1719781.9050578543 3052056.2505149003 217463.1 3185305.0
26 WSTN-01 -17.893455456042272 28.762538956375028 2160.0 5326692.417915978 -1719802.8881476305 3051895.3118099496 217471.0 3185112.0
27 WSTN-02 -17.890392053928185 28.76244221032727 2181.0 5326806.792638756 -1719525.3270637186 3051896.0137580424 217770.0 3185094.0
28 WSTN-03 -17.89086960186048 28.76045658912895 2215.0 5326921.628914568 -1719611.4222914993 3051719.3864126885 217718.0 3184875.0
29 ASCN-01 -17.893584301503967 28.764277067584135 2143.4 5326586.460188947 -1719781.9050578543 3052056.2505149003 217463.1 3185305.0
30 DUSN-01 -17.893584301503967 28.764277067584135 2143.4 5326586.460188947 -1719781.9050578543 3052056.2505149003 217463.1 3185305.0
31 LISN-01 -17.893584301503967 28.764277067584135 2143.4 5326586.460188947 -1719781.9050578543 3052056.2505149003 217463.1 3185305.0
